race_entry_suitability_aggregate_id,race_entry_context_adjusted_performance_id,race_entry_context_adjustment_id,race_entry_context_parameter_selection_id,race_entry_context_eligibility_id,race_entry_performance_context_id,race_entry_id,race_id,race_date,runner_id,canonical_horse_id,canonical_horse_name,historical_rating_value,context_parameter_id,total_context_adjustment,context_adjusted_performance_value,distance_suitability_value,class_suitability_value,track_suitability_value,track_configuration_suitability_value,track_condition_suitability_value,surface_suitability_value,barrier_suitability_value,weight_suitability_value,field_size_suitability_value,suitability_component_count,aggregate_suitability_value,suitability_aggregate_decision,race_entry_suitability_aggregate_status,source_adjusted_performance_evidence_sha256,source_component_evidence_set_sha256,race_entry_suitability_aggregate_evidence_sha256,source_adjusted_performance_builder_version,source_component_builder_version,builder_version,contract_version,built_at_utc
RESA-CUR-417ECFAE3702E1C046D8CB77,,,,,,99524602380,EIQD-DDBEBDD438E1E95BF9FCC89E,2026-07-26,RCOM_HORSE_5347643,RCOM_HORSE_5347643,KING OF SAVOY,8.0,LIVE_FORM_GUIDE_COMPONENT_SOURCE,,8.0,,,,,,,,,,1,49.8,SUITABILITY_AGGREGATED,GOVERNED_SUITABILITY_AGGREGATE,8d1a1ba2cdc93217ea9078f92cb7ed73f9e3c96547a46ee77e84117790448adc,f2b2288e382873df84d957c462f67b71f93651b8f7391adc432321d6435cbf8f,bf5ea0b8468a08244a0e62a77630ad734efd4fc0eec20e2dda00c471a84af74b,edgeiq_form_guide_enriched_v2,edgeiq_ra_to_rcom_bridge_current_performance_rebuild_v1,edgeiq_ra_to_rcom_bridge_current_performance_rebuild_v1,1.0.0,2026-07-30T00:00:00Z
RESA-CUR-BB82186F1F8AB5139C548E3D,,,,,,99548453820,EIQD-DDBEBDD438E1E95BF9FCC89E,2026-07-26,RCOM_HORSE_5349363,RCOM_HORSE_5349363,RAINY NIGHT,-0.3,LIVE_FORM_GUIDE_COMPONENT_SOURCE,,-0.3,,,,,,,,,,1,54.9,SUITABILITY_AGGREGATED,GOVERNED_SUITABILITY_AGGREGATE,f583e1cb983cf7d4279490539861817ca648e5bbcd4078fd69fdba010eb281c4,b792f6796e23a986aabb5b94ef63efbc16530928b04fcc89103e91a88c0d76fd,f19d969399af79eddc9bb7b682f6896c50a26bca2141cb4ada51fa94711cf2df,edgeiq_form_guide_enriched_v2,edgeiq_ra_to_rcom_bridge_current_performance_rebuild_v1,edgeiq_ra_to_rcom_bridge_current_performance_rebuild_v1,1.0.0,2026-07-30T00:00:00Z
RESA-CUR-93346F977ECC756826E43E70,,,,,,99552973440,EIQD-DDBEBDD438E1E95BF9FCC89E,2026-07-26,RCOM_HORSE_5311999,RCOM_HORSE_5311999,HIGHLAND STORM,8.0,LIVE_FORM_GUIDE_COMPONENT_SOURCE,,8.0,,,,,,,,,,1,57.4,SUITABILITY_AGGREGATED,GOVERNED_SUITABILITY_AGGREGATE,cd95554065a326d704bb475959f676602db1c713b5c68dd7c6e268d767699d30,f90220acb7de7309ac9665d269a2995445488fef2f3301c1256aa83b7769a669,240bc9cfac04a094228e993e0697dad36b6fa59bf4aabfa06cc82b8e037ff0ce,edgeiq_form_guide_enriched_v2,edgeiq_ra_to_rcom_bridge_current_performance_rebuild_v1,edgeiq_ra_to_rcom_bridge_current_performance_rebuild_v1,1.0.0,2026-07-30T00:00:00Z
RESA-CUR-ED8105C7E07EB5CB41322E83,,,,,,99561620220,EIQD-DDBEBDD438E1E95BF9FCC89E,2026-07-26,RCOM_HORSE_5354842,RCOM_HORSE_5354842,NOW PERFORM,4.9,LIVE_FORM_GUIDE_COMPONENT_SOURCE,,4.9,,,,,,,,,,1,50.6,SUITABILITY_AGGREGATED,GOVERNED_SUITABILITY_AGGREGATE,ee28be69453829ba49a389e9aa94b80c4fd160ea6a80dd8eba5688ffd7fa7106,1b6e500b6c751bcf98c3edc043ce47fde2baa7e79e84729dc682b9fb65c01430,0f7463382a9c3b6d58f131cf2656b2ae4726f37a1ff68a8d079f790c7f8bd686,edgeiq_form_guide_enriched_v2,edgeiq_ra_to_rcom_bridge_current_performance_rebuild_v1,edgeiq_ra_to_rcom_bridge_current_performance_rebuild_v1,1.0.0,2026-07-30T00:00:00Z
RESA-CUR-E1324D2257DAA599A7BA3AE6,,,,,,99563360970,EIQD-DDBEBDD438E1E95BF9FCC89E,2026-07-26,RCOM_HORSE_5346648,RCOM_HORSE_5346648,WINGS OF LOVE,3.2,LIVE_FORM_GUIDE_COMPONENT_SOURCE,,3.2,,,,,,,,,,1,53.0,SUITABILITY_AGGREGATED,GOVERNED_SUITABILITY_AGGREGATE,d6ea5f7f443d3a401c5a26b3f8a72417d98e29adef07e38509b9b722dfb7380c,e3d1cfc422fd5a84cd869e15c704f3bd272944d46558e307c4d0771565956ef6,c3470308fb6205e4ad206549359a1327b250d4e938ecfc0bc89aa5d5b8ca63b6,edgeiq_form_guide_enriched_v2,edgeiq_ra_to_rcom_bridge_current_performance_rebuild_v1,edgeiq_ra_to_rcom_bridge_current_performance_rebuild_v1,1.0.0,2026-07-30T00:00:00Z
RESA-CUR-28571844F1E234A62463414F,,,,,,99569893530,EIQD-EB9F8134D5BF682C7A99C9D3,2026-07-26,RCOM_HORSE_5291018,RCOM_HORSE_5291018,NO SAVINGS,-2.8,LIVE_FORM_GUIDE_COMPONENT_SOURCE,,-2.8,,,,,,,,,,1,52.6,SUITABILITY_AGGREGATED,GOVERNED_SUITABILITY_AGGREGATE,b86d7aa325b2f4a45287c5f49b520e9111dd95c68ff333e2d0b18e32bef8831c,9bd761a33cb3f44ce77e7e6771b45ef617963fdc6e5f2245531eea9316e92837,ec1dcdd37ce6344c29afbba5ab026087c439b7243197d5ddcc5e320a496b614e,edgeiq_form_guide_enriched_v2,edgeiq_ra_to_rcom_bridge_current_performance_rebuild_v1,edgeiq_ra_to_rcom_bridge_current_performance_rebuild_v1,1.0.0,2026-07-30T00:00:00Z
RESA-CUR-F81472FFC18277F1C1BDDC17,,,,,,99564437070,EIQD-EB9F8134D5BF682C7A99C9D3,2026-07-26,RCOM_HORSE_5314561,RCOM_HORSE_5314561,DON’T DOUBT TIGGA,1.6,LIVE_FORM_GUIDE_COMPONENT_SOURCE,,1.6,,,,,,,,,,1,53.2,SUITABILITY_AGGREGATED,GOVERNED_SUITABILITY_AGGREGATE,fe019d22e802f26c72baff12b04cf11aa47a7a3126f322468f19f144f172b356,a554323cdcd5ca604df7d34e46505957fcc883b4e59066c46f238b4c80520eab,a1dc10323331a2fb523b93eface5b7c911f655e9e33fe1d5cb9603b60936ac18,edgeiq_form_guide_enriched_v2,edgeiq_ra_to_rcom_bridge_current_performance_rebuild_v1,edgeiq_ra_to_rcom_bridge_current_performance_rebuild_v1,1.0.0,2026-07-30T00:00:00Z
RESA-CUR-8163069B86F66E61DE4D7597,,,,,,99517158300,EIQD-EB9F8134D5BF682C7A99C9D3,2026-07-26,RCOM_HORSE_5341796,RCOM_HORSE_5341796,FORT OF DREAMS,0.0,LIVE_FORM_GUIDE_COMPONENT_SOURCE,,0.0,,,,,,,,,,1,48.9,SUITABILITY_AGGREGATED,GOVERNED_SUITABILITY_AGGREGATE,16514baea18bfed55bad99404cf12bc3dc546b6a7fa958e5dc596f5b6c4da818,ae882d451dc224ba5cb6f0dd88841c1070f48f227c2edc3a7f423990cb0b13b5,a0cad8830ad0dd27a30c8fd4f2c9421fd6cf1051349a4802c127cde0704e0db1,edgeiq_form_guide_enriched_v2,edgeiq_ra_to_rcom_bridge_current_performance_rebuild_v1,edgeiq_ra_to_rcom_bridge_current_performance_rebuild_v1,1.0.0,2026-07-30T00:00:00Z
RESA-CUR-5069C5C7AC34DF0220AEFA32,,,,,,99560892270,EIQD-EB9F8134D5BF682C7A99C9D3,2026-07-26,RCOM_HORSE_5331950,RCOM_HORSE_5331950,GOOD LORDY ME,8.0,LIVE_FORM_GUIDE_COMPONENT_SOURCE,,8.0,,,,,,,,,,1,50.6,SUITABILITY_AGGREGATED,GOVERNED_SUITABILITY_AGGREGATE,a64c75b3408857033ff1ff202f5c38f1e15f0c4c9d31163cf414918085cb9325,b3e7541947b0a8675da6dc6581abc52e7e18fe274dbfd8a2f2005d9ea4ccc701,ef8334050a9326aca57433a69257849ac119836c3f0252fee97373faf8488347,edgeiq_form_guide_enriched_v2,edgeiq_ra_to_rcom_bridge_current_performance_rebuild_v1,edgeiq_ra_to_rcom_bridge_current_performance_rebuild_v1,1.0.0,2026-07-30T00:00:00Z
RESA-CUR-6636CB4E2CB48CBB93BAF73D,,,,,,99529248600,EIQD-EB9F8134D5BF682C7A99C9D3,2026-07-26,RCOM_HORSE_5344800,RCOM_HORSE_5344800,HIRARKEE,-8.0,LIVE_FORM_GUIDE_COMPONENT_SOURCE,,-8.0,,,,,,,,,,1,52.3,SUITABILITY_AGGREGATED,GOVERNED_SUITABILITY_AGGREGATE,977be1ff7bb5f3f9562e1504a3b4365b2d92d1f2214b24850970ee4918f34b70,37187fd9e884af2de6b77ed64e2f4bbc55d035d20b5ec49ab409984507dcddaa,54ca55906e2419c1ba4300225210486c72774df1a0b0d4ee16cc6541879388b6,edgeiq_form_guide_enriched_v2,edgeiq_ra_to_rcom_bridge_current_performance_rebuild_v1,edgeiq_ra_to_rcom_bridge_current_performance_rebuild_v1,1.0.0,2026-07-30T00:00:00Z
RESA-CUR-4A55C84114D7A2F177CBDA11,,,,,,99568159110,EIQD-EB9F8134D5BF682C7A99C9D3,2026-07-26,RCOM_HORSE_5351579,RCOM_HORSE_5351579,TALKIN’ STERN,2.3,LIVE_FORM_GUIDE_COMPONENT_SOURCE,,2.3,,,,,,,,,,1,56.4,SUITABILITY_AGGREGATED,GOVERNED_SUITABILITY_AGGREGATE,c5f48a2f7c6558b76b34baf2b430c9b1daa0ea52659464407c642e614bef6bd1,026bd1f994cac94fbda73243b3c6c405e9c8313b7798bb0cf0a6c2abc034b082,98fc283cddc29d3363c66dbb9013210538a435b1b1676a3ccecca26def4945bd,edgeiq_form_guide_enriched_v2,edgeiq_ra_to_rcom_bridge_current_performance_rebuild_v1,edgeiq_ra_to_rcom_bridge_current_performance_rebuild_v1,1.0.0,2026-07-30T00:00:00Z
RESA-CUR-D852EAC2D6468C290F0F1B3C,,,,,,99528640920,EIQD-C37EA5A90D5C022617026D89,2026-07-26,RCOM_HORSE_872362,RCOM_HORSE_872362,THE COMEDIAN,-0.6,LIVE_FORM_GUIDE_COMPONENT_SOURCE,,-0.6,,,,,,,,,,1,52.4,SUITABILITY_AGGREGATED,GOVERNED_SUITABILITY_AGGREGATE,a29b88a89b960e018a68b5e0e568bde8440a5f663cd66d54a69a931a62ae1e05,04ca706fcce2594dffd2d78d34ba15ab81ca12ecbdb96bff715666517b5bc50f,848512da69e774d93d97a13ddc4cc204bc2d8ca932f15e0e895e4a8e180cfae0,edgeiq_form_guide_enriched_v2,edgeiq_ra_to_rcom_bridge_current_performance_rebuild_v1,edgeiq_ra_to_rcom_bridge_current_performance_rebuild_v1,1.0.0,2026-07-30T00:00:00Z
RESA-CUR-45C551AC6A93FBFDB50F043F,,,,,,99539117070,EIQD-C37EA5A90D5C022617026D89,2026-07-26,RCOM_HORSE_5340233,RCOM_HORSE_5340233,WATTEN ASSETT,-1.6,LIVE_FORM_GUIDE_COMPONENT_SOURCE,,-1.6,,,,,,,,,,1,49.4,SUITABILITY_AGGREGATED,GOVERNED_SUITABILITY_AGGREGATE,4a3a71158daaba35e369250df3bf381df5d51538d4d8fe840b1208489e039228,d1e783e72a01060b31f9d36e4a112511cc785037b71c30a8539d995f435aa420,6a5c1b2b6fcb00309b1d371e5b24359c646d3f46c57d9f2bb5ec54583fdd54ce,edgeiq_form_guide_enriched_v2,edgeiq_ra_to_rcom_bridge_current_performance_rebuild_v1,edgeiq_ra_to_rcom_bridge_current_performance_rebuild_v1,1.0.0,2026-07-30T00:00:00Z
RESA-CUR-9F423D8DD9E8EDDFAF73D35C,,,,,,99524001030,EIQD-C37EA5A90D5C022617026D89,2026-07-26,RCOM_HORSE_5357661,RCOM_HORSE_5357661,WINSILENCE (NZ),-3.2,LIVE_FORM_GUIDE_COMPONENT_SOURCE,,-3.2,,,,,,,,,,1,46.0,SUITABILITY_AGGREGATED,GOVERNED_SUITABILITY_AGGREGATE,013ad4bce77b643f4cca29ce6606900aef68a7c9d6a8008fb0b3001dd32fc048,2d2ab1d7c885c168bbbb06bd5db4a30a9cdb6fb6e569e0c50262da25cd593d14,e1a4a435f9f90dd85185dd2cd4bc30612d955a889b2136fde734a8fe08a673ca,edgeiq_form_guide_enriched_v2,edgeiq_ra_to_rcom_bridge_current_performance_rebuild_v1,edgeiq_ra_to_rcom_bridge_current_performance_rebuild_v1,1.0.0,2026-07-30T00:00:00Z
RESA-CUR-830F45A71D6F1D643AB899B0,,,,,,99509910450,EIQD-C37EA5A90D5C022617026D89,2026-07-26,RCOM_HORSE_5312028,RCOM_HORSE_5312028,BANNED WITNESS,-2.4,LIVE_FORM_GUIDE_COMPONENT_SOURCE,,-2.4,,,,,,,,,,1,47.2,SUITABILITY_AGGREGATED,GOVERNED_SUITABILITY_AGGREGATE,0bff0dabf79372013544d4ea88f610b45952ef9415a05184ee5734aa5c0413da,85b5fc862bdbee0a331cec79895eebfc1a2ccba62ec20fc86e58efbd21b6b29a,4dc3d00d13ee7577b6077fc794396f5112e85a7db812182a366350757e8e3bb7,edgeiq_form_guide_enriched_v2,edgeiq_ra_to_rcom_bridge_current_performance_rebuild_v1,edgeiq_ra_to_rcom_bridge_current_performance_rebuild_v1,1.0.0,2026-07-30T00:00:00Z
RESA-CUR-21465D010F3CB2115211DFE6,,,,,,99533413740,EIQD-681F212AA6AA39D5B3E39D91,2026-07-26,RCOM_HORSE_5246536,RCOM_HORSE_5246536,COME ALONG JEFFREY,0.5,LIVE_FORM_GUIDE_COMPONENT_SOURCE,,0.5,,,,,,,,,,1,53.8,SUITABILITY_AGGREGATED,GOVERNED_SUITABILITY_AGGREGATE,bd7a3d3c1d5000ee70f7eeadba0782f8f599afdf9568d8a1a0f035c504b5b2d2,1d69d27d841000cb2390274844e1ec5ae03e6edc3a4fc4af418de4ed967b803f,b463c2b967cd722799ff0be9a2582098360c8189fd6e7c32c558d17f1a04a250,edgeiq_form_guide_enriched_v2,edgeiq_ra_to_rcom_bridge_current_performance_rebuild_v1,edgeiq_ra_to_rcom_bridge_current_performance_rebuild_v1,1.0.0,2026-07-30T00:00:00Z
RESA-CUR-0BDBA88EA53F1B1696A529D1,,,,,,99561139140,EIQD-681F212AA6AA39D5B3E39D91,2026-07-26,RCOM_HORSE_5353645,RCOM_HORSE_5353645,HUMZA BEY (NZ),0.1,LIVE_FORM_GUIDE_COMPONENT_SOURCE,,0.1,,,,,,,,,,1,58.0,SUITABILITY_AGGREGATED,GOVERNED_SUITABILITY_AGGREGATE,052bd8259d0a800150f5678ef9b88bdaaaac614d2feb6c0ce01c3a70ae19de16,a1d6b47335f8db83bbd6d6663ea4b3bd0573afbf6cd02e372eca1a6bfe0a3d0b,f560d197cb764185605ea88fc8fa544e8485b1dcb1e68bbf19675fafd43d35d2,edgeiq_form_guide_enriched_v2,edgeiq_ra_to_rcom_bridge_current_performance_rebuild_v1,edgeiq_ra_to_rcom_bridge_current_performance_rebuild_v1,1.0.0,2026-07-30T00:00:00Z
RESA-CUR-5D458DD2869D012A8564C4E1,,,,,,99557518380,EIQD-681F212AA6AA39D5B3E39D91,2026-07-26,RCOM_HORSE_5326746,RCOM_HORSE_5326746,THINXZO,0.7,LIVE_FORM_GUIDE_COMPONENT_SOURCE,,0.7,,,,,,,,,,1,62.3,SUITABILITY_AGGREGATED,GOVERNED_SUITABILITY_AGGREGATE,4c34be5eb57ba62d5c20382b42590fdd920f87b8442e3ba7153bd6de7973f7c3,0fae5f4315590e9f697f8f1b6ebc22fb78d3666927a886c0ce95d74cd4d3f53a,2fbdbedb3c2ceb4b3a96712f6c4816becf25e66b46a6395aba9de66677c21a78,edgeiq_form_guide_enriched_v2,edgeiq_ra_to_rcom_bridge_current_performance_rebuild_v1,edgeiq_ra_to_rcom_bridge_current_performance_rebuild_v1,1.0.0,2026-07-30T00:00:00Z
RESA-CUR-FE8DC4D18FC49AF8C86C8C30,,,,,,99565804350,EIQD-681F212AA6AA39D5B3E39D91,2026-07-26,RCOM_HORSE_5331062,RCOM_HORSE_5331062,DOLLAR SHOT,8.0,LIVE_FORM_GUIDE_COMPONENT_SOURCE,,8.0,,,,,,,,,,1,69.3,SUITABILITY_AGGREGATED,GOVERNED_SUITABILITY_AGGREGATE,37bfc35dd767ef85251476ded23ecb66dc79fc4c934b1bce06a22f6e0eff7517,95d06f2708a198cf6ad44a4b223c133c6741d33ff8407ae6a1465fd1405edd9b,b6be423aa95fdffe100d08509a5404d9329463546f50c3d9032b2bfee473b176,edgeiq_form_guide_enriched_v2,edgeiq_ra_to_rcom_bridge_current_performance_rebuild_v1,edgeiq_ra_to_rcom_bridge_current_performance_rebuild_v1,1.0.0,2026-07-30T00:00:00Z
RESA-CUR-2D05B6A6B9072A209F8F181C,,,,,,99558398250,EIQD-681F212AA6AA39D5B3E39D91,2026-07-26,RCOM_HORSE_5323720,RCOM_HORSE_5323720,UNTAPPED,-8.0,LIVE_FORM_GUIDE_COMPONENT_SOURCE,,-8.0,,,,,,,,,,1,52.7,SUITABILITY_AGGREGATED,GOVERNED_SUITABILITY_AGGREGATE,79eacbd7d8e4ca570da05d9d5f77e5352176d02740afb4beed028fa39db9c86e,fdc4e22929d842f1b8615c0b532402c7187f30fcc3765c44fc35c0d54a8191a7,5e0985ee2a7a237188b1d97cd6c04b5c48f029c45f8cd1c0f646e9a904e63dca,edgeiq_form_guide_enriched_v2,edgeiq_ra_to_rcom_bridge_current_performance_rebuild_v1,edgeiq_ra_to_rcom_bridge_current_performance_rebuild_v1,1.0.0,2026-07-30T00:00:00Z
RESA-CUR-8BF831F6CE1E8EE8706C308D,,,,,,99523121160,EIQD-681F212AA6AA39D5B3E39D91,2026-07-26,RCOM_HORSE_5031614,RCOM_HORSE_5031614,MR EXCLUSIVE,-8.0,LIVE_FORM_GUIDE_COMPONENT_SOURCE,,-8.0,,,,,,,,,,1,56.2,SUITABILITY_AGGREGATED,GOVERNED_SUITABILITY_AGGREGATE,e9b4d9c03c9c7e7d3a6c125c3191a32731d8940d341c195516e056d112e91bef,66e6f7435c45e6bc1a55842e5caa27327236beb71fe194018ddfa39cd5df2ac2,27906e2bc5ef13e14543cbe1c28abdf8a51c1f50ef83b418eb548bfd61575b33,edgeiq_form_guide_enriched_v2,edgeiq_ra_to_rcom_bridge_current_performance_rebuild_v1,edgeiq_ra_to_rcom_bridge_current_performance_rebuild_v1,1.0.0,2026-07-30T00:00:00Z
RESA-CUR-EEC41B51FAD742AE0C1D0B06,,,,,,99566348730,EIQD-0F448166A5F621EF7D40F74C,2026-07-26,RCOM_HORSE_5373412,RCOM_HORSE_5373412,MAINMANKASH,-8.0,LIVE_FORM_GUIDE_COMPONENT_SOURCE,,-8.0,,,,,,,,,,1,74.1,SUITABILITY_AGGREGATED,GOVERNED_SUITABILITY_AGGREGATE,2d194351e9bc025f53e628b5016a5317daa5d49bc14384a7af50b53ae650d4d8,552ed19802bbc0099215b7a9945f642a4c972a1d40bb88847edae3bcc004ddbf,73f80f278ca2a39868c0e6227b8fe3729c75ad1bf766f00414fafbaae8e662f5,edgeiq_form_guide_enriched_v2,edgeiq_ra_to_rcom_bridge_current_performance_rebuild_v1,edgeiq_ra_to_rcom_bridge_current_performance_rebuild_v1,1.0.0,2026-07-30T00:00:00Z
RESA-CUR-69674A4BE149083532A4CC7F,,,,,,99559860480,EIQD-0F448166A5F621EF7D40F74C,2026-07-26,RCOM_HORSE_5329920,RCOM_HORSE_5329920,MISLIGHT,-8.0,LIVE_FORM_GUIDE_COMPONENT_SOURCE,,-8.0,,,,,,,,,,1,50.6,SUITABILITY_AGGREGATED,GOVERNED_SUITABILITY_AGGREGATE,e74069d43686d90f06281343a9388fa3475a0d9721bdf76011a5698d453f0da4,af1763c7a0e77529c401c20c60cd6bc5f4a05320c330f642784b9aab1314148d,d7be2b8ac845a4e23740cfeb1d18adf9f51ee116ac9cd89745301eea847942bf,edgeiq_form_guide_enriched_v2,edgeiq_ra_to_rcom_bridge_current_performance_rebuild_v1,edgeiq_ra_to_rcom_bridge_current_performance_rebuild_v1,1.0.0,2026-07-30T00:00:00Z
RESA-CUR-0C329968B4C67E4A23D12F0A,,,,,,99567975540,EIQD-0F448166A5F621EF7D40F74C,2026-07-26,RCOM_HORSE_5353385,RCOM_HORSE_5353385,INVINCIBLE AMOUR,8.0,LIVE_FORM_GUIDE_COMPONENT_SOURCE,,8.0,,,,,,,,,,1,55.5,SUITABILITY_AGGREGATED,GOVERNED_SUITABILITY_AGGREGATE,47ae5d5f465cdabec36f46a71ef502a07b042dbd7a03d23e69df6a154256bd4d,12ebeb606533d714247dcb57c374b8a03b5d2a21c7e66fe388a832f125b571b5,862433fea56ff9e141e44d2e28854879085fd4d0f9f228df0358f8b580843955,edgeiq_form_guide_enriched_v2,edgeiq_ra_to_rcom_bridge_current_performance_rebuild_v1,edgeiq_ra_to_rcom_bridge_current_performance_rebuild_v1,1.0.0,2026-07-30T00:00:00Z
RESA-CUR-C7B3BFA5CC8003D7D37DD045,,,,,,99568937700,EIQD-0F448166A5F621EF7D40F74C,2026-07-26,RCOM_HORSE_5295924,RCOM_HORSE_5295924,MIDNIGHT DEVIL,8.0,LIVE_FORM_GUIDE_COMPONENT_SOURCE,,8.0,,,,,,,,,,1,54.6,SUITABILITY_AGGREGATED,GOVERNED_SUITABILITY_AGGREGATE,8f136c8f8c24744c2ae4f6edc14e213a4c2096bbbf3a449d7e00e8920a252756,b9ec4b87619d795498072a2a0055c6c30a59105ff94831f37c262e43e14cfc51,b6fe95e130bbf010fc5bf05d1190f69724fb989bd452811d5a90f2704e7fd6c5,edgeiq_form_guide_enriched_v2,edgeiq_ra_to_rcom_bridge_current_performance_rebuild_v1,edgeiq_ra_to_rcom_bridge_current_performance_rebuild_v1,1.0.0,2026-07-30T00:00:00Z
RESA-CUR-71E04CD422928EA66A5B52E2,,,,,,99515208660,EIQD-0F448166A5F621EF7D40F74C,2026-07-26,RCOM_HORSE_5251869,RCOM_HORSE_5251869,MAGIC DRUM,-8.0,LIVE_FORM_GUIDE_COMPONENT_SOURCE,,-8.0,,,,,,,,,,1,58.1,SUITABILITY_AGGREGATED,GOVERNED_SUITABILITY_AGGREGATE,a1ad4548a67cb47d41697498733507e3e80231fb6343d75012af9d0eea46fed7,9ec0caf15129c5dd96f87c92b490ed8b3fca6adc182eb247161a669f721baab9,ec1d9bd94a05a944f805aa3ddb66bf5abc9e3b4b0f022dfe2e076fe7b817c293,edgeiq_form_guide_enriched_v2,edgeiq_ra_to_rcom_bridge_current_performance_rebuild_v1,edgeiq_ra_to_rcom_bridge_current_performance_rebuild_v1,1.0.0,2026-07-30T00:00:00Z
RESA-CUR-9A9B89B39DE5AA0AE3603468,,,,,,99549884400,EIQD-0F448166A5F621EF7D40F74C,2026-07-26,RCOM_HORSE_5320996,RCOM_HORSE_5320996,RUBY AVENUE,8.0,LIVE_FORM_GUIDE_COMPONENT_SOURCE,,8.0,,,,,,,,,,1,55.3,SUITABILITY_AGGREGATED,GOVERNED_SUITABILITY_AGGREGATE,fc1c1f67537858b9dcf8372ab43bad31392e8bf3eac2e8ca10794fb556c3ec73,b69677ed393f2f5a1ce615b86473aead198287fb50674d2fef5344a968f1c009,53e88da3535c0f6bde2d28e8f4887d566ce0358da94e9fd22b74adbb3213feb1,edgeiq_form_guide_enriched_v2,edgeiq_ra_to_rcom_bridge_current_performance_rebuild_v1,edgeiq_ra_to_rcom_bridge_current_performance_rebuild_v1,1.0.0,2026-07-30T00:00:00Z
RESA-CUR-BD7B15DE42D819DB33B03C2B,,,,,,99542680860,EIQD-0F448166A5F621EF7D40F74C,2026-07-26,RCOM_HORSE_5307301,RCOM_HORSE_5307301,FLYING MEAN,8.0,LIVE_FORM_GUIDE_COMPONENT_SOURCE,,8.0,,,,,,,,,,1,56.9,SUITABILITY_AGGREGATED,GOVERNED_SUITABILITY_AGGREGATE,53ac2f3b5ab31403e8d69865a575fab840f6f80cc4369d91ebf679fc60ee0454,24fe37dfb7d1b220b29f93df00909784d7fba30cb3b3b8e3e55e6da0e66e8508,f76245b6c934908e93f82d0d6f316a831c9ba2f476fb5d1ed5e72fd4d3003ab8,edgeiq_form_guide_enriched_v2,edgeiq_ra_to_rcom_bridge_current_performance_rebuild_v1,edgeiq_ra_to_rcom_bridge_current_performance_rebuild_v1,1.0.0,2026-07-30T00:00:00Z
RESA-CUR-DE1F085239AE817622D7523B,,,,,,99529254930,EIQD-0F448166A5F621EF7D40F74C,2026-07-26,RCOM_HORSE_5295084,RCOM_HORSE_5295084,IRRESISTIBLE SIR,8.0,LIVE_FORM_GUIDE_COMPONENT_SOURCE,,8.0,,,,,,,,,,1,56.3,SUITABILITY_AGGREGATED,GOVERNED_SUITABILITY_AGGREGATE,923a41cd81f5030c3647a2eeb19a4d90f6d8e42374a5d1a2227854ebe45f9d81,49982023fd2a6e4cdd68bfaa54edade7a210643e649162846bfc9f648b6f29d3,fbb8c89b3587e7be2a8ae4cd002cd2bdbf6a03b3b666e57356c29037fc5b80c3,edgeiq_form_guide_enriched_v2,edgeiq_ra_to_rcom_bridge_current_performance_rebuild_v1,edgeiq_ra_to_rcom_bridge_current_performance_rebuild_v1,1.0.0,2026-07-30T00:00:00Z
RESA-CUR-1095313BED308CB635368385,,,,,,99568184430,EIQD-2FCDF559A4AC5AD65AC8B286,2026-07-26,RCOM_HORSE_5324037,RCOM_HORSE_5324037,RASP,-8.0,LIVE_FORM_GUIDE_COMPONENT_SOURCE,,-8.0,,,,,,,,,,1,57.6,SUITABILITY_AGGREGATED,GOVERNED_SUITABILITY_AGGREGATE,e0fd00447671f22cb41fbd415c1895a0f8993df8ce48e8e5745713f1376c1845,bab6aea92a99c57b5594a864502430c42c07dc388437921fd69ece35304842a5,fe3c82447272f86a2727f28298ab73ddd43b12e6286f296a95a289735f6bcdc6,edgeiq_form_guide_enriched_v2,edgeiq_ra_to_rcom_bridge_current_performance_rebuild_v1,edgeiq_ra_to_rcom_bridge_current_performance_rebuild_v1,1.0.0,2026-07-30T00:00:00Z
RESA-CUR-99ACB6B58C5C66A7268C34E7,,,,,,99554973720,EIQD-2FCDF559A4AC5AD65AC8B286,2026-07-26,RCOM_HORSE_5306926,RCOM_HORSE_5306926,SHUBAEL,2.1,LIVE_FORM_GUIDE_COMPONENT_SOURCE,,2.1,,,,,,,,,,1,49.9,SUITABILITY_AGGREGATED,GOVERNED_SUITABILITY_AGGREGATE,afcc49b90275ed66029ffafb9ab2d06bd5d49dfa00bc1ac850a9e6ffb5ed04ba,79f60d9615dc79cbee89fb4fa615f6dde4cc51379ab7de1703190cb9c7a0f40d,8ebcfcd1516069d770fe2f42a24886d887d7173ea74afd09f27b744e43f404d0,edgeiq_form_guide_enriched_v2,edgeiq_ra_to_rcom_bridge_current_performance_rebuild_v1,edgeiq_ra_to_rcom_bridge_current_performance_rebuild_v1,1.0.0,2026-07-30T00:00:00Z
RESA-CUR-660385CC198AD2F51821850B,,,,,,99515474520,EIQD-2FCDF559A4AC5AD65AC8B286,2026-07-26,RCOM_HORSE_5315122,RCOM_HORSE_5315122,NEARING LIBERTY,-8.0,LIVE_FORM_GUIDE_COMPONENT_SOURCE,,-8.0,,,,,,,,,,1,57.4,SUITABILITY_AGGREGATED,GOVERNED_SUITABILITY_AGGREGATE,15c6a6868f7c4d93f85bfd8e5d970770343dcc66245b6deacbee362fe250c052,ae714b871ab4df01bae9fd27e05713c395def19f157a06a93d33cfcd79f50dec,5302cbc841dcdc95a480314494076b1a16f1b7e6cd22d1afd476911488ec89cf,edgeiq_form_guide_enriched_v2,edgeiq_ra_to_rcom_bridge_current_performance_rebuild_v1,edgeiq_ra_to_rcom_bridge_current_performance_rebuild_v1,1.0.0,2026-07-30T00:00:00Z
RESA-CUR-A20D4807993D42D94EFAD0B5,,,,,,99564633300,EIQD-2FCDF559A4AC5AD65AC8B286,2026-07-26,RCOM_HORSE_5329294,RCOM_HORSE_5329294,ZORRO’S FLIGHT,8.0,LIVE_FORM_GUIDE_COMPONENT_SOURCE,,8.0,,,,,,,,,,1,59.5,SUITABILITY_AGGREGATED,GOVERNED_SUITABILITY_AGGREGATE,385e4fcc62343ec1c207d03ff4d4fc2ad26b71c7c9640811c61b01ff835924b1,4a222c52e196f98b3b008bedcd0631cd42d86f6fc9035fe0b3959bfe38c84a1a,93a364ac85ee8537ec50e8e8a0b6832a0f19a270318fd41c1b8e608ffe0966b2,edgeiq_form_guide_enriched_v2,edgeiq_ra_to_rcom_bridge_current_performance_rebuild_v1,edgeiq_ra_to_rcom_bridge_current_performance_rebuild_v1,1.0.0,2026-07-30T00:00:00Z
RESA-CUR-08F6B7CFC46D16293A2AE366,,,,,,99558391920,EIQD-2FCDF559A4AC5AD65AC8B286,2026-07-26,RCOM_HORSE_5322261,RCOM_HORSE_5322261,ASEVENTY SEVEN (NZ),8.0,LIVE_FORM_GUIDE_COMPONENT_SOURCE,,8.0,,,,,,,,,,1,58.5,SUITABILITY_AGGREGATED,GOVERNED_SUITABILITY_AGGREGATE,302cdad4f915609fadff44cc6256692eeaf0aeb66fd049780a3c808c1484115f,c7324fc600437fde986a801008cd2aa84b2f845261c4ca13a82f09e9c2ff6b67,6ecf2d082da470a9d6bc5ec29d97305f9dcace9fa3ba069e8015c5cf1b4ca560,edgeiq_form_guide_enriched_v2,edgeiq_ra_to_rcom_bridge_current_performance_rebuild_v1,edgeiq_ra_to_rcom_bridge_current_performance_rebuild_v1,1.0.0,2026-07-30T00:00:00Z
RESA-CUR-0DAF560CEBC7C1F0B8B59829,,,,,,99476412090,EIQD-2FCDF559A4AC5AD65AC8B286,2026-07-26,RCOM_HORSE_5308211,RCOM_HORSE_5308211,CEREMONIOUS (NZ),-8.0,LIVE_FORM_GUIDE_COMPONENT_SOURCE,,-8.0,,,,,,,,,,1,51.6,SUITABILITY_AGGREGATED,GOVERNED_SUITABILITY_AGGREGATE,d64610e752805a19d9aa45cc2d6a32c37edaa974586305e1f4a5e7e0b9e8faae,4b6b4313aa4e69ec2aee22c66d3a437868391c0150cd0ce5110c7791c153e63b,3d406be8c28e6fe0630aeb059c15e305a1c8ba59348296a3ab65afd5804cf828,edgeiq_form_guide_enriched_v2,edgeiq_ra_to_rcom_bridge_current_performance_rebuild_v1,edgeiq_ra_to_rcom_bridge_current_performance_rebuild_v1,1.0.0,2026-07-30T00:00:00Z
RESA-CUR-5AB8F72ADD73C9A0324A720C,,,,,,99537287700,EIQD-2FCDF559A4AC5AD65AC8B286,2026-07-26,RCOM_HORSE_5337325,RCOM_HORSE_5337325,ENCHANTED JENNI (NZ),8.0,LIVE_FORM_GUIDE_COMPONENT_SOURCE,,8.0,,,,,,,,,,1,60.0,SUITABILITY_AGGREGATED,GOVERNED_SUITABILITY_AGGREGATE,bb2193a2cf27ea93eea8085c9b9d90f89e88cd93af02a92b558fef66b4e1c87e,52755b7614129538f84d05c2e3929bcc07f98bafc5e762b4bbde38b3a19d7aa6,5c2476533428c85bfb6dee184fbe4e258a4cc95e98259b1ef4de0466d07b6242,edgeiq_form_guide_enriched_v2,edgeiq_ra_to_rcom_bridge_current_performance_rebuild_v1,edgeiq_ra_to_rcom_bridge_current_performance_rebuild_v1,1.0.0,2026-07-30T00:00:00Z
RESA-CUR-5B4CE6F00F3F7ACE51ECD289,,,,,,99567177960,EIQD-2FCDF559A4AC5AD65AC8B286,2026-07-26,RCOM_HORSE_5330364,RCOM_HORSE_5330364,CHAMPAGNE JENNI,2.6,LIVE_FORM_GUIDE_COMPONENT_SOURCE,,2.6,,,,,,,,,,1,58.9,SUITABILITY_AGGREGATED,GOVERNED_SUITABILITY_AGGREGATE,4f6581f692ae1cb7e177f14dbe69fbc8ef99cb0e69b06839189e3e1018dea42a,305da8c51c0b1880453ce77037a9d823d2726386573d8ef3f76c8e8d4c5049ad,aa4d1c40f27d8271afe04229c261afb22b6a71dca2fb200cac05ebd900624d8c,edgeiq_form_guide_enriched_v2,edgeiq_ra_to_rcom_bridge_current_performance_rebuild_v1,edgeiq_ra_to_rcom_bridge_current_performance_rebuild_v1,1.0.0,2026-07-30T00:00:00Z
RESA-CUR-5741B08B50B49FB0F9AE932E,,,,,,99561449310,EIQD-2FCDF559A4AC5AD65AC8B286,2026-07-26,RCOM_HORSE_5271996,RCOM_HORSE_5271996,KOROBEINIKI,-8.0,LIVE_FORM_GUIDE_COMPONENT_SOURCE,,-8.0,,,,,,,,,,1,57.5,SUITABILITY_AGGREGATED,GOVERNED_SUITABILITY_AGGREGATE,e57bb07c79879fd376f61dd7395262b4788af9cb3cf656bee3fff872862f8b2f,17f78790fa9d1c497836200aa41878d648c6b1e1e71114c106fa984e957f53ab,19555fe63d1b060e56a7113ff67a5713723289b73f4490836154fa49e1eb1603,edgeiq_form_guide_enriched_v2,edgeiq_ra_to_rcom_bridge_current_performance_rebuild_v1,edgeiq_ra_to_rcom_bridge_current_performance_rebuild_v1,1.0.0,2026-07-30T00:00:00Z
RESA-CUR-9CB8984DD2F4CA16E19D9FBC,,,,,,99541687050,EIQD-58926116CE3730E5DB18A856,2026-07-26,RCOM_HORSE_5333005,RCOM_HORSE_5333005,ALL BUSINESS,8.0,LIVE_FORM_GUIDE_COMPONENT_SOURCE,,8.0,,,,,,,,,,1,49.4,SUITABILITY_AGGREGATED,GOVERNED_SUITABILITY_AGGREGATE,b2593f54914698263754a9721bc2ce933e4a4f442b9b10db9babd0a03dfd8010,32a72a84201810651a9e59336af596c4655102de9677d023bbcc7264f1b5e17c,ab7d1e5cc2d1f029cf4038be16233182c44cd2112f0478843a91d8b624029913,edgeiq_form_guide_enriched_v2,edgeiq_ra_to_rcom_bridge_current_performance_rebuild_v1,edgeiq_ra_to_rcom_bridge_current_performance_rebuild_v1,1.0.0,2026-07-30T00:00:00Z
RESA-CUR-865872B431EDE76E1B47E8CF,,,,,,99559088220,EIQD-58926116CE3730E5DB18A856,2026-07-26,RCOM_HORSE_5276784,RCOM_HORSE_5276784,DANE ON TOUR,-8.0,LIVE_FORM_GUIDE_COMPONENT_SOURCE,,-8.0,,,,,,,,,,1,53.0,SUITABILITY_AGGREGATED,GOVERNED_SUITABILITY_AGGREGATE,44427a05e18482022b1e467ec7df009db6b79075be180e6e1194e56073934e42,153ff0cdb02080854c891f5697cfca06809c218e8e9a8202e4bcf0e5399b8afb,b1c62dfd0fbb86febd16039f145f7ae052c271428050217ba31ee1fdf94ba7be,edgeiq_form_guide_enriched_v2,edgeiq_ra_to_rcom_bridge_current_performance_rebuild_v1,edgeiq_ra_to_rcom_bridge_current_performance_rebuild_v1,1.0.0,2026-07-30T00:00:00Z
RESA-CUR-E62E8657DE0A4B332BAE2142,,,,,,99566000580,EIQD-58926116CE3730E5DB18A856,2026-07-26,RCOM_HORSE_5373129,RCOM_HORSE_5373129,TWO SIGMA (NZ),8.0,LIVE_FORM_GUIDE_COMPONENT_SOURCE,,8.0,,,,,,,,,,1,50.5,SUITABILITY_AGGREGATED,GOVERNED_SUITABILITY_AGGREGATE,dd796376bf0f31550d4700f12da46aa01f4526f0fdcacd4710ceba08ac95ffb8,bb826816b541048f3de871952d1eadd7cddc1f84f2ed73313c7bcf5d3f4cf8e1,44b76141d85a4e7b34a98cdd23ab4f0031d4658bc2b78f929e9a81f1923aeda5,edgeiq_form_guide_enriched_v2,edgeiq_ra_to_rcom_bridge_current_performance_rebuild_v1,edgeiq_ra_to_rcom_bridge_current_performance_rebuild_v1,1.0.0,2026-07-30T00:00:00Z
RESA-CUR-A9433136EC6912115AD1456B,,,,,,99555467460,EIQD-58926116CE3730E5DB18A856,2026-07-26,RCOM_HORSE_5290200,RCOM_HORSE_5290200,WOMEN IN UNIFORM,-0.8,LIVE_FORM_GUIDE_COMPONENT_SOURCE,,-0.8,,,,,,,,,,1,55.2,SUITABILITY_AGGREGATED,GOVERNED_SUITABILITY_AGGREGATE,0d511d201ab177dc30d38d16eb6df8ec72519156a6a722bdc710ef89cc24f642,e8927bd675c93243412a3f4f6226308925ae77244f7763ea18c5f0420d64f981,b322ceef08b1dd2803259eb1e8f852d09782fd119f554788f61876649d45983e,edgeiq_form_guide_enriched_v2,edgeiq_ra_to_rcom_bridge_current_performance_rebuild_v1,edgeiq_ra_to_rcom_bridge_current_performance_rebuild_v1,1.0.0,2026-07-30T00:00:00Z
RESA-CUR-D05164EA60523FD20D6561D4,,,,,,99500681310,EIQD-58926116CE3730E5DB18A856,2026-07-26,RCOM_HORSE_5312742,RCOM_HORSE_5312742,AUTO MAX,-1.8,LIVE_FORM_GUIDE_COMPONENT_SOURCE,,-1.8,,,,,,,,,,1,50.8,SUITABILITY_AGGREGATED,GOVERNED_SUITABILITY_AGGREGATE,72341bf560dca6e68a1a163e2e429c6ca47b7fe678b65f5809bc20d29b25f21d,1aea75be1b7c1d1de87b864fff11cd43726f5f3139cf80c30dd2591cadc45f10,cd2274e0781ee7379faf65ae8c822ed699874001e04b8ce9782c852903a08d4d,edgeiq_form_guide_enriched_v2,edgeiq_ra_to_rcom_bridge_current_performance_rebuild_v1,edgeiq_ra_to_rcom_bridge_current_performance_rebuild_v1,1.0.0,2026-07-30T00:00:00Z
RESA-CUR-F6C803A7CD32A784DEA1B7A9,,,,,,99500687640,EIQD-58926116CE3730E5DB18A856,2026-07-26,RCOM_HORSE_5281126,RCOM_HORSE_5281126,I’M DYNAMITE,8.0,LIVE_FORM_GUIDE_COMPONENT_SOURCE,,8.0,,,,,,,,,,1,57.3,SUITABILITY_AGGREGATED,GOVERNED_SUITABILITY_AGGREGATE,cd3a811dbe16738c5b2ec706ee10d271f714813fad8197fed0835faa1a51fdc7,fa97ef87f0c37379de9d7561a8a31e1bdb136fd885dc38671c99ea28ff303f84,9b04f03279c0393259ab28178b492e888db5127bb61f773a30992a85d269416a,edgeiq_form_guide_enriched_v2,edgeiq_ra_to_rcom_bridge_current_performance_rebuild_v1,edgeiq_ra_to_rcom_bridge_current_performance_rebuild_v1,1.0.0,2026-07-30T00:00:00Z
RESA-CUR-C0B3B174EF0631BC5C712EF1,,,,,,99490350750,EIQD-58926116CE3730E5DB18A856,2026-07-26,RCOM_HORSE_5358321,RCOM_HORSE_5358321,HOT CHILLI MAMA (NZ),-1.9,LIVE_FORM_GUIDE_COMPONENT_SOURCE,,-1.9,,,,,,,,,,1,51.6,SUITABILITY_AGGREGATED,GOVERNED_SUITABILITY_AGGREGATE,21b03ff8215dfa73a9b2639ba8c56ce636e7ef434851ec6fd2a3c2a410565e98,0ac32aec0f8eb1d6cb4577f243f5756db471ad180c4c0b1d40f9edc9b0da2c75,ca68acc846187c5f75fe62477780e34525c23f007344fbde6cd8810374f22bb1,edgeiq_form_guide_enriched_v2,edgeiq_ra_to_rcom_bridge_current_performance_rebuild_v1,edgeiq_ra_to_rcom_bridge_current_performance_rebuild_v1,1.0.0,2026-07-30T00:00:00Z
RESA-CUR-3AB2A10CE0734DD6A0D48CB0,,,,,,99567633720,EIQD-58926116CE3730E5DB18A856,2026-07-26,RCOM_HORSE_5341396,RCOM_HORSE_5341396,LOFTY THOUGHTS,1.4,LIVE_FORM_GUIDE_COMPONENT_SOURCE,,1.4,,,,,,,,,,1,52.7,SUITABILITY_AGGREGATED,GOVERNED_SUITABILITY_AGGREGATE,a14a2f004a87aabd80e24609701a38be1933e77374ee3effe164dbf029be1a6b,a0a02b796898a2d7a75fad49e218d8dd5074a3f8abe93093fbccfe5b7c571f59,1d699a3f15594838fe50780c0795c46764eaff98ad5cef1bfb6e5c34184a6587,edgeiq_form_guide_enriched_v2,edgeiq_ra_to_rcom_bridge_current_performance_rebuild_v1,edgeiq_ra_to_rcom_bridge_current_performance_rebuild_v1,1.0.0,2026-07-30T00:00:00Z
RESA-CUR-67E3B2B58A19B728FFCE081E,,,,,,99564956130,EIQD-58926116CE3730E5DB18A856,2026-07-26,RCOM_HORSE_5354425,RCOM_HORSE_5354425,PRINCING,8.0,LIVE_FORM_GUIDE_COMPONENT_SOURCE,,8.0,,,,,,,,,,1,61.7,SUITABILITY_AGGREGATED,GOVERNED_SUITABILITY_AGGREGATE,c57d131e08f7e91a79e8b45b099732af70429e4cb567140a2b8066b176b83f94,10ad3477c1fd2f4a3242bb7b5894cbbe58b12a94b21612e614264a0c44cc2e12,0fb0837fbd77af77d587dcdc76a46e895d4750326805f5ad378593172cb5c7e4,edgeiq_form_guide_enriched_v2,edgeiq_ra_to_rcom_bridge_current_performance_rebuild_v1,edgeiq_ra_to_rcom_bridge_current_performance_rebuild_v1,1.0.0,2026-07-30T00:00:00Z
RESA-CUR-36161F309EEBE67E81F95FBD,,,,,,99569906190,EIQD-58926116CE3730E5DB18A856,2026-07-26,RCOM_HORSE_5256567,RCOM_HORSE_5256567,DELIGHTFUL JOURNEY,8.0,LIVE_FORM_GUIDE_COMPONENT_SOURCE,,8.0,,,,,,,,,,1,56.0,SUITABILITY_AGGREGATED,GOVERNED_SUITABILITY_AGGREGATE,c8ea1588003ddf0b12b32f375e6a4d0a10e99b669d069dd4830b60f7cd638380,2b40ae303f92c3fcc43c31133aba16912517eaa1bd3878d8e1e950b818de70cd,e5cc8878cff4667b52b51adadb7eb82d42c13127d2388202b82989488bf679de,edgeiq_form_guide_enriched_v2,edgeiq_ra_to_rcom_bridge_current_performance_rebuild_v1,edgeiq_ra_to_rcom_bridge_current_performance_rebuild_v1,1.0.0,2026-07-30T00:00:00Z
RESA-CUR-1936C6E5661FA382A2AAE438,,,,,,99515158020,EIQD-58926116CE3730E5DB18A856,2026-07-26,RCOM_HORSE_5331126,RCOM_HORSE_5331126,EXPRESS GUARD,8.0,LIVE_FORM_GUIDE_COMPONENT_SOURCE,,8.0,,,,,,,,,,1,52.0,SUITABILITY_AGGREGATED,GOVERNED_SUITABILITY_AGGREGATE,11c866995917fd6f11eca6aeee6799843813c224156d23f3bc398c31e6ea1d94,a35a41454d5cd72eaf9d9bfdbad432aec2e3384330f67103129eeec16a67d507,2b9ed8ba6f6bf232c3246402c51846b1edc818ffc3cdfc24d6d22d71a74fc883,edgeiq_form_guide_enriched_v2,edgeiq_ra_to_rcom_bridge_current_performance_rebuild_v1,edgeiq_ra_to_rcom_bridge_current_performance_rebuild_v1,1.0.0,2026-07-30T00:00:00Z
RESA-CUR-03120AF38214616341C18121,,,,,,99550023660,EIQD-58926116CE3730E5DB18A856,2026-07-26,RCOM_HORSE_5306049,RCOM_HORSE_5306049,ANNABELLE SUNSHINE,8.0,LIVE_FORM_GUIDE_COMPONENT_SOURCE,,8.0,,,,,,,,,,1,62.9,SUITABILITY_AGGREGATED,GOVERNED_SUITABILITY_AGGREGATE,1a7a6f4aa417156d8baf94d61d15a0af5eb2d5286bd3f32fce50bf086c6655f0,a4fcf36b510f0e98580efb133c5eb7bf46c4c024d9a015fefe25ebd90144c813,2a19c351397b1b756eac516a2966ca5a8a369ca221a444e46d69e89c9c592ebe,edgeiq_form_guide_enriched_v2,edgeiq_ra_to_rcom_bridge_current_performance_rebuild_v1,edgeiq_ra_to_rcom_bridge_current_performance_rebuild_v1,1.0.0,2026-07-30T00:00:00Z
RESA-CUR-402CDDFE455E2F260F48D2D1,,,,,,99533128890,EIQD-58926116CE3730E5DB18A856,2026-07-26,RCOM_HORSE_5285875,RCOM_HORSE_5285875,ZE BEE NINE,-2.7,LIVE_FORM_GUIDE_COMPONENT_SOURCE,,-2.7,,,,,,,,,,1,59.1,SUITABILITY_AGGREGATED,GOVERNED_SUITABILITY_AGGREGATE,7877ef5e54a25a58a441d3dc596fa846a432364c25963fb1edfa9d5be09a6fe7,19716ebb0f3cc9d7cc61dedc26f3e9ab77057a235f368cc8b1d2ada4f0c49358,a0cb0c684342b7178683f9e27a6ca791c3b09a55f2413ab3a83620d52cff1dc9,edgeiq_form_guide_enriched_v2,edgeiq_ra_to_rcom_bridge_current_performance_rebuild_v1,edgeiq_ra_to_rcom_bridge_current_performance_rebuild_v1,1.0.0,2026-07-30T00:00:00Z
